290 ; 4
290 ; 8
290 ; 12
290 ; 16
290 ; 20
290 ; 24
290 ; 28
290 ; 32
290 ; 36
290 ; 40
290 ; 44
290 ; 48
290 ; 52
290 ; 56
290 ; 60
290 ; 64
289 ; 68
289 ; 72
289 ; 76
290 ; 80
290 ; 84
291 ; 88
289 ; 92
290 ; 96
291 ; 100
290 ; 104
290 ; 108
290 ; 112
290 ; 116
290 ; 120
290 ; 124
290 ; 128
290 ; 132
290 ; 136
289 ; 140
290 ; 144
289 ; 148
290 ; 152
290 ; 156
291 ; 160
290 ; 164
290 ; 168
290 ; 172
290 ; 176
290 ; 180
289 ; 184
291 ; 188
290 ; 192
290 ; 196
290 ; 200
290 ; 204
290 ; 208
290 ; 212
289 ; 216
290 ; 220
290 ; 224
290 ; 228
290 ; 232
290 ; 236
290 ; 240
290 ; 244
290 ; 248
290 ; 252
290 ; 256
290 ; 260
290 ; 264
289 ; 268
290 ; 272
290 ; 276
289 ; 280
290 ; 284
290 ; 288
290 ; 292
290 ; 296
291 ; 300
290 ; 304
290 ; 308
290 ; 312
290 ; 316
290 ; 320
289 ; 324
290 ; 328
290 ; 332
291 ; 336
290 ; 340
290 ; 344
290 ; 348
290 ; 352
290 ; 356
290 ; 360
290 ; 364
290 ; 368
290 ; 372
290 ; 376
290 ; 380
290 ; 384
290 ; 388
290 ; 392
290 ; 396
290 ; 400
290 ; 404
290 ; 408
290 ; 412
289 ; 416
290 ; 420
290 ; 424
290 ; 428
290 ; 432
290 ; 436
290 ; 440
290 ; 444
290 ; 448
290 ; 452
290 ; 456
290 ; 460
289 ; 464
290 ; 468
290 ; 472
290 ; 476
290 ; 480
289 ; 484
290 ; 488
290 ; 492
290 ; 496
290 ; 500
290 ; 504
290 ; 508
290 ; 512
289 ; 516
290 ; 520
290 ; 524
290 ; 528
290 ; 532
289 ; 536
290 ; 540
290 ; 544
290 ; 548
290 ; 552
290 ; 556
289 ; 560
290 ; 564
291 ; 568
289 ; 572
290 ; 576
290 ; 580
291 ; 584
290 ; 588
290 ; 592
290 ; 596
290 ; 600
290 ; 604
290 ; 608
290 ; 612
290 ; 616
289 ; 620
290 ; 624
289 ; 628
289 ; 632
290 ; 636
